amplarray=[1   0.000000   1.145829
2   0.008572   1.414508
3   0.027412   1.633617
4   0.057468   1.795163
5   0.098847   1.893220
6   0.150767   1.924431
7   0.211574   1.887906
8   0.278798   1.786075
9   0.349286   1.623355
10   0.419360   1.406628
11   0.485016   1.144832
12   0.542129   0.847881
13   0.586651   0.526219
14   0.614796   0.190382
15   0.623200  -0.149272
16   0.609069  -0.482590
17   0.570335  -0.799491
18   0.505807  -1.089794
19   0.415346  -1.343142
20   0.300030  -1.549300
21   0.162278  -1.699051
22   0.005885  -1.785046
23  -0.164077  -1.803142
24  -0.341536  -1.753582
25  -0.519823  -1.640775
26  -0.692157  -1.472913
27  -0.852092  -1.260574
28  -0.993837  -1.014802
29  -1.112420  -0.745627
30  -1.203672  -0.461162
31  -1.264124  -0.167372
32  -1.290845   0.131566
33  -1.281315   0.432484
34  -1.233380   0.732177
35  -1.145340   1.026249
36  -1.016199   1.308000
37  -0.846076   1.567571
38  -0.636753   1.791953
39  -0.392204   1.966434
40  -0.118918   2.076699
41   0.174258   2.113942
42   0.476886   2.076707
43   0.778208   1.974037
44   1.068537   1.821493
45   1.340329   1.638279
46   1.588653   1.442667
47   1.811079   1.249144
48   2.007210   1.067520
49   2.178070   0.903310
50   2.325553   0.758742
51   2.451982   0.633867
52   2.559807   0.527461
53   2.651412   0.437669
54   2.729016   0.362420
55   2.794617   0.299667
56   2.849981   0.247519
57   2.896648   0.204289
58   2.935944   0.168515
59   2.969007   0.138949
60   2.996808   0.114535
61   3.020172   0.094390
62   3.039796   0.077774
63   3.056274   0.064075
64   3.070104   0.052783
65   3.081708   0.043477
66   3.091441   0.035810
67   3.099602   0.029492
68   3.106444   0.024288
69   3.112177   0.020000
70   3.116981   0.016468
71   3.121006   0.013559
72   3.124376   0.011162
73   3.127198   0.009187
74   3.129560   0.007560
75   3.131538   0.006219
76   3.133193   0.005113
77   3.134578   0.004201
78   3.135737   0.003447
79   3.136707   0.002824
80   3.137518   0.002308
81   3.138198   0.001880
82   3.138767   0.001522
83   3.139244   0.001222
84   3.139643   0.000969
85   3.139979   0.000752
86   3.140261   0.000564
87   3.140498   0.000397
88   3.140698   0.000245
89   3.140867   0.000103
90   3.141010  -0.000035
91   3.141131  -0.000173
92   3.141234  -0.000318
93   3.141322  -0.000474
94   3.141396  -0.000648
95   3.141459  -0.000845
96   3.141509  -0.001074
97   3.141549  -0.001341
98   3.141577  -0.001658
99   3.141593  -0.002036
];
%figure;plot(amplarray(:,1),amplarray(:,2),'b',amplarray(:,1),amplarray(:,3),'r');
