init_params = [.89, -0.047, 0.33, -0.37, -0.10, -0.43, 0.29, 0.26,...
              -0.080, 0.11, -0.14, -0.22, -0.031, 0.28, 0.085, 0.41,...
              -0.38, -0.046, -0.29, -0.36, -0.12];
